[array([[ 0.60334362,  0.56777003, -0.56566646,  0.95294656],
       [ 0.17872352,  0.35191682, -0.5768848 ,  0.69347558],
       [-0.86285623, -0.13884227,  0.02755826, -0.37024652],
       [ 0.64347686, -0.11410519, -0.05215233,  0.2568354 ],
       [-0.04023959, -0.23848076,  0.79491674,  0.63174874],
       [-0.90137099, -0.86227793,  0.6694501 ,  0.82305794]]), array([[-0.89580372, -0.5408668 ,  0.41570084],
       [ 0.66051141,  0.9444471 ,  0.49003984],
       [-0.11732302, -0.22237849,  0.5277325 ],
       [-0.12162196, -0.31227852,  0.01950933]]), array([ 0.70211202, -0.58332574, -0.43667141, -0.36934477]), array([-0.82454769,  0.31650015,  0.02112774])]
[array([[ 0.60334362,  0.56777003, -0.56566646,  0.95294656],
       [ 0.17872352,  0.35191682, -0.5768848 ,  0.69347558],
       [-0.86285623, -0.13884227,  0.02755826, -0.37024652],
       [ 0.64347686, -0.11410519, -0.05215233,  0.2568354 ],
       [-0.04023959, -0.23848076,  0.79491674,  0.63174874],
       [-0.90137099, -0.86227793,  0.6694501 ,  0.82305794]]), array([[-0.89580372, -0.5408668 ,  0.41570084],
       [ 0.66051141,  0.9444471 ,  0.49003984],
       [-0.11732302, -0.22237849,  0.5277325 ],
       [-0.12162196, -0.31227852,  0.01950933]]), array([ 0.70211202, -0.58332574, -0.43667141, -0.36934477]), array([-0.82454769,  0.31650015,  0.02112774])]
[array([[ 0.60334362,  0.56777003, -0.56566646,  0.95294656],
       [ 0.17872352,  0.35191682, -0.5768848 ,  0.69347558],
       [-0.86285623, -0.13884227,  0.02755826, -0.37024652],
       [ 0.64347686, -0.11410519, -0.05215233,  0.2568354 ],
       [-0.04023959, -0.23848076,  0.79491674,  0.63174874],
       [-0.90137099, -0.86227793,  0.6694501 ,  0.82305794]]), array([[-0.89580372, -0.5408668 ,  0.41570084],
       [ 0.66051141,  0.9444471 ,  0.49003984],
       [-0.11732302, -0.22237849,  0.5277325 ],
       [-0.12162196, -0.31227852,  0.01950933]]), array([ 0.70211202, -0.58332574, -0.43667141, -0.36934477]), array([-0.82454769,  0.31650015,  0.02112774])]
[array([[ 0.60334362,  0.56777003, -0.56566646,  0.95294656],
       [ 0.17872352,  0.35191682, -0.5768848 ,  0.69347558],
       [-0.86285623, -0.13884227,  0.02755826, -0.37024652],
       [ 0.64347686, -0.11410519, -0.05215233,  0.2568354 ],
       [-0.04023959, -0.23848076,  0.79491674,  0.63174874],
       [-0.90137099, -0.86227793,  0.6694501 ,  0.82305794]]), array([[-0.89580372, -0.5408668 ,  0.41570084],
       [ 0.66051141,  0.9444471 ,  0.49003984],
       [-0.11732302, -0.22237849,  0.5277325 ],
       [-0.12162196, -0.31227852,  0.01950933]]), array([ 0.70211202, -0.58332574, -0.43667141, -0.36934477]), array([-0.82454769,  0.31650015,  0.02112774])]
[array([[ 0.60334362,  0.56777003, -0.56566646,  0.95294656],
       [ 0.17872352,  0.35191682, -0.5768848 ,  0.69347558],
       [-0.86285623, -0.13884227,  0.02755826, -0.37024652],
       [ 0.64347686, -0.11410519, -0.05215233,  0.2568354 ],
       [-0.04023959, -0.23848076,  0.79491674,  0.63174874],
       [-0.90137099, -0.86227793,  0.6694501 ,  0.82305794]]), array([[-0.89580372, -0.5408668 ,  0.41570084],
       [ 0.66051141,  0.9444471 ,  0.49003984],
       [-0.11732302, -0.22237849,  0.5277325 ],
       [-0.12162196, -0.31227852,  0.01950933]]), array([ 0.70211202, -0.58332574, -0.43667141, -0.36934477]), array([-0.82454769,  0.31650015,  0.02112774])]
[array([[-0.49157862,  0.51888179,  0.88945403,  0.90695556],
       [-0.32410854,  0.28544826,  0.8747417 , -0.68436481],
       [ 0.87177363, -0.71624153,  0.75821938, -0.76397015],
       [-0.54530203,  0.6685613 ,  0.86347269, -0.87569314],
       [ 0.83460813, -0.86986138,  0.19757138, -0.52241636],
       [ 0.74591031,  0.73093453,  0.00535973, -0.07953888]]), array([[-0.72941921, -0.99912811, -0.5551184 ],
       [-0.22954846,  0.46415577, -0.90407726],
       [-0.68941212, -0.97563625, -0.58570326],
       [-0.23815294,  0.82335125, -0.11815345]]), array([-0.92769324,  0.20272515, -0.64985418, -0.40217133]), array([ 0.82102206, -0.18797595, -0.83391064])]
[array([[-0.49157862,  0.51888179,  0.88945403,  0.90695556],
       [-0.32410854,  0.28544826,  0.8747417 , -0.68436481],
       [ 0.87177363, -0.71624153,  0.75821938, -0.76397015],
       [-0.54530203,  0.6685613 ,  0.86347269, -0.87569314],
       [ 0.83460813, -0.86986138,  0.19757138, -0.52241636],
       [ 0.74591031,  0.73093453,  0.00535973, -0.07953888]]), array([[-0.72941921, -0.99912811, -0.5551184 ],
       [-0.22954846,  0.46415577, -0.90407726],
       [-0.68941212, -0.97563625, -0.58570326],
       [-0.23815294,  0.82335125, -0.11815345]]), array([-0.92769324,  0.20272515, -0.64985418, -0.40217133]), array([ 0.82102206, -0.18797595, -0.83391064])]
[array([[-0.49157862,  0.51888179,  0.88945403,  0.90695556],
       [-0.32410854,  0.28544826,  0.8747417 , -0.68436481],
       [ 0.87177363, -0.71624153,  0.75821938, -0.76397015],
       [-0.54530203,  0.6685613 ,  0.86347269, -0.87569314],
       [ 0.83460813, -0.86986138,  0.19757138, -0.52241636],
       [ 0.74591031,  0.73093453,  0.00535973, -0.07953888]]), array([[-0.72941921, -0.99912811, -0.5551184 ],
       [-0.22954846,  0.46415577, -0.90407726],
       [-0.68941212, -0.97563625, -0.58570326],
       [-0.23815294,  0.82335125, -0.11815345]]), array([-0.92769324,  0.20272515, -0.64985418, -0.40217133]), array([ 0.82102206, -0.18797595, -0.83391064])]
[array([[-0.49157862,  0.51888179,  0.88945403,  0.90695556],
       [-0.32410854,  0.28544826,  0.8747417 , -0.68436481],
       [ 0.87177363, -0.71624153,  0.75821938, -0.76397015],
       [-0.54530203,  0.6685613 ,  0.86347269, -0.87569314],
       [ 0.83460813, -0.86986138,  0.19757138, -0.52241636],
       [ 0.74591031,  0.73093453,  0.00535973, -0.07953888]]), array([[-0.72941921, -0.99912811, -0.5551184 ],
       [-0.22954846,  0.46415577, -0.90407726],
       [-0.68941212, -0.97563625, -0.58570326],
       [-0.23815294,  0.82335125, -0.11815345]]), array([-0.92769324,  0.20272515, -0.64985418, -0.40217133]), array([ 0.82102206, -0.18797595, -0.83391064])]
[array([[-0.49157862,  0.51888179,  0.88945403,  0.90695556],
       [-0.32410854,  0.28544826,  0.8747417 , -0.68436481],
       [ 0.87177363, -0.71624153,  0.75821938, -0.76397015],
       [-0.54530203,  0.6685613 ,  0.86347269, -0.87569314],
       [ 0.83460813, -0.86986138,  0.19757138, -0.52241636],
       [ 0.74591031,  0.73093453,  0.00535973, -0.07953888]]), array([[-0.72941921, -0.99912811, -0.5551184 ],
       [-0.22954846,  0.46415577, -0.90407726],
       [-0.68941212, -0.97563625, -0.58570326],
       [-0.23815294,  0.82335125, -0.11815345]]), array([-0.92769324,  0.20272515, -0.64985418, -0.40217133]), array([ 0.82102206, -0.18797595, -0.83391064])]
[array([[-0.49157862,  0.51888179,  0.88945403,  0.90695556],
       [-0.32410854,  0.28544826,  0.8747417 , -0.68436481],
       [ 0.87177363, -0.71624153,  0.75821938, -0.76397015],
       [-0.54530203,  0.6685613 ,  0.86347269, -0.87569314],
       [ 0.83460813, -0.86986138,  0.19757138, -0.52241636],
       [ 0.74591031,  0.73093453,  0.00535973, -0.07953888]]), array([[-0.72941921, -0.99912811, -0.5551184 ],
       [-0.22954846,  0.46415577, -0.90407726],
       [-0.68941212, -0.97563625, -0.58570326],
       [-0.23815294,  0.82335125, -0.11815345]]), array([-0.92769324,  0.20272515, -0.64985418, -0.40217133]), array([ 0.82102206, -0.18797595, -0.83391064])]
[array([[-0.49157862,  0.51888179,  0.88945403,  0.90695556],
       [-0.32410854,  0.28544826,  0.8747417 , -0.68436481],
       [ 0.87177363, -0.71624153,  0.75821938, -0.76397015],
       [-0.54530203,  0.6685613 ,  0.86347269, -0.87569314],
       [ 0.83460813, -0.86986138,  0.19757138, -0.52241636],
       [ 0.74591031,  0.73093453,  0.00535973, -0.07953888]]), array([[-0.72941921, -0.99912811, -0.5551184 ],
       [-0.22954846,  0.46415577, -0.90407726],
       [-0.68941212, -0.97563625, -0.58570326],
       [-0.23815294,  0.82335125, -0.11815345]]), array([-0.92769324,  0.20272515, -0.64985418, -0.40217133]), array([ 0.82102206, -0.18797595, -0.83391064])]
[array([[-0.49157862,  0.51888179,  0.88945403,  0.90695556],
       [-0.32410854,  0.28544826,  0.8747417 , -0.68436481],
       [ 0.87177363, -0.71624153,  0.75821938, -0.76397015],
       [-0.54530203,  0.6685613 ,  0.86347269, -0.87569314],
       [ 0.83460813, -0.86986138,  0.19757138, -0.52241636],
       [ 0.74591031,  0.73093453,  0.00535973, -0.07953888]]), array([[-0.72941921, -0.99912811, -0.5551184 ],
       [-0.22954846,  0.46415577, -0.90407726],
       [-0.68941212, -0.97563625, -0.58570326],
       [-0.23815294,  0.82335125, -0.11815345]]), array([-0.92769324,  0.20272515, -0.64985418, -0.40217133]), array([ 0.82102206, -0.18797595, -0.83391064])]
[array([[-0.49157862,  0.51888179,  0.88945403,  0.90695556],
       [-0.32410854,  0.28544826,  0.8747417 , -0.68436481],
       [ 0.87177363, -0.71624153,  0.75821938, -0.76397015],
       [-0.54530203,  0.6685613 ,  0.86347269, -0.87569314],
       [ 0.83460813, -0.86986138,  0.19757138, -0.52241636],
       [ 0.74591031,  0.73093453,  0.00535973, -0.07953888]]), array([[-0.72941921, -0.99912811, -0.5551184 ],
       [-0.22954846,  0.46415577, -0.90407726],
       [-0.68941212, -0.97563625, -0.58570326],
       [-0.23815294,  0.82335125, -0.11815345]]), array([-0.92769324,  0.20272515, -0.64985418, -0.40217133]), array([ 0.82102206, -0.18797595, -0.83391064])]
[array([[-8.42372381e-01, -7.66967671e-02, -2.72877330e-01,
        -8.98421478e-01],
       [ 5.54440389e-01, -8.31149332e-01,  1.11456612e-01,
         1.26927544e-01],
       [-4.88105882e-01,  1.78516089e-01, -2.70289491e-01,
        -4.85436043e-01],
       [-2.49258744e-01, -3.84067414e-01, -2.26559142e-01,
        -2.61189116e-01],
       [ 7.95975291e-01,  5.10962541e-01, -1.26785439e-01,
        -6.93059699e-01],
       [-4.71069410e-01,  6.37444415e-01, -1.90895581e-04,
        -8.58103760e-01]]), array([[-0.63781538, -0.5141957 , -0.27970509],
       [-0.89007288,  0.0204466 , -0.24532514],
       [ 0.28294107, -0.05669419, -0.7525173 ],
       [ 0.36296588,  0.60622522, -0.87819002]]), array([-0.44557709,  0.416514  ,  0.47485322, -0.49751081]), array([ 0.02161536, -0.47471214,  0.89389411])]
[array([[ 0.11458993, -0.51867472, -0.77959691, -0.17717326],
       [-0.81767282, -0.26844877, -0.21877123,  0.86956259],
       [ 0.35725899, -0.93448663, -0.75218641,  0.64886522],
       [-0.06710235,  0.38234997, -0.7043061 , -0.65911435],
       [ 0.86640383, -0.92719204,  0.85572132,  0.70202299],
       [-0.4553417 , -0.30949917, -0.04121995,  0.77639199]]), array([[ 0.74677683,  0.11743105,  0.30243209],
       [ 0.54401335, -0.79999459,  0.62349448],
       [-0.98374514, -0.66384036,  0.21425556],
       [ 0.7768733 , -0.30391062, -0.95094759]]), array([-0.73205281,  0.47097043, -0.03668391, -0.94843691]), array([-0.76776447, -0.38074116,  0.16629306])]
[array([[ 0.11458993, -0.51867472, -0.77959691, -0.17717326],
       [-0.81767282, -0.26844877, -0.21877123,  0.86956259],
       [ 0.35725899, -0.93448663, -0.75218641,  0.64886522],
       [-0.06710235,  0.38234997, -0.7043061 , -0.65911435],
       [ 0.86640383, -0.92719204,  0.85572132,  0.70202299],
       [-0.4553417 , -0.30949917, -0.04121995,  0.77639199]]), array([[ 0.74677683,  0.11743105,  0.30243209],
       [ 0.54401335, -0.79999459,  0.62349448],
       [-0.98374514, -0.66384036,  0.21425556],
       [ 0.7768733 , -0.30391062, -0.95094759]]), array([-0.73205281,  0.47097043, -0.03668391, -0.94843691]), array([-0.76776447, -0.38074116,  0.16629306])]
[array([[ 0.11458993, -0.51867472, -0.77959691, -0.17717326],
       [-0.81767282, -0.26844877, -0.21877123,  0.86956259],
       [ 0.35725899, -0.93448663, -0.75218641,  0.64886522],
       [-0.06710235,  0.38234997, -0.7043061 , -0.65911435],
       [ 0.86640383, -0.92719204,  0.85572132,  0.70202299],
       [-0.4553417 , -0.30949917, -0.04121995,  0.77639199]]), array([[ 0.74677683,  0.11743105,  0.30243209],
       [ 0.54401335, -0.79999459,  0.62349448],
       [-0.98374514, -0.66384036,  0.21425556],
       [ 0.7768733 , -0.30391062, -0.95094759]]), array([-0.73205281,  0.47097043, -0.03668391, -0.94843691]), array([-0.76776447, -0.38074116,  0.16629306])]
[array([[ 0.11458993, -0.51867472, -0.77959691, -0.17717326],
       [-0.81767282, -0.26844877, -0.21877123,  0.86956259],
       [ 0.35725899, -0.93448663, -0.75218641,  0.64886522],
       [-0.06710235,  0.38234997, -0.7043061 , -0.65911435],
       [ 0.86640383, -0.92719204,  0.85572132,  0.70202299],
       [-0.4553417 , -0.30949917, -0.04121995,  0.77639199]]), array([[ 0.74677683,  0.11743105,  0.30243209],
       [ 0.54401335, -0.79999459,  0.62349448],
       [-0.98374514, -0.66384036,  0.21425556],
       [ 0.7768733 , -0.30391062, -0.95094759]]), array([-0.73205281,  0.47097043, -0.03668391, -0.94843691]), array([-0.76776447, -0.38074116,  0.16629306])]
[array([[ 0.11458993, -0.51867472, -0.77959691, -0.17717326],
       [-0.81767282, -0.26844877, -0.21877123,  0.86956259],
       [ 0.35725899, -0.93448663, -0.75218641,  0.64886522],
       [-0.06710235,  0.38234997, -0.7043061 , -0.65911435],
       [ 0.86640383, -0.92719204,  0.85572132,  0.70202299],
       [-0.4553417 , -0.30949917, -0.04121995,  0.77639199]]), array([[ 0.74677683,  0.11743105,  0.30243209],
       [ 0.54401335, -0.79999459,  0.62349448],
       [-0.98374514, -0.66384036,  0.21425556],
       [ 0.7768733 , -0.30391062, -0.95094759]]), array([-0.73205281,  0.47097043, -0.03668391, -0.94843691]), array([-0.76776447, -0.38074116,  0.16629306])]
