[[array([[  2.70917568,   3.82378882,  -7.9036998 ,  -8.56221125],
       [-30.52055133,  13.49824337,  15.68798882,   6.68695552],
       [ 26.11434658,  13.14421981,  -0.95311879,   6.55190361],
       [-26.61271837,   7.65309295, -38.42205796,  -4.67048556],
       [  6.7266337 ,  17.15722473, -14.97054773,   5.73661294],
       [  4.44754669,   7.7194408 ,  23.13197792, -18.53766385],
       [-10.112959  ,  -0.15374356,   7.72241876, -32.93882172]]), array([[-0.05216055,  0.46048488],
       [ 2.1815268 ,  0.11487789],
       [-1.49351032,  2.92780669],
       [-1.4355902 ,  0.04558598]]), array([-1.51609895, -1.85142432, -1.55559115, -0.88203877]), array([ 0.91321921, -0.19383132])],[array([[ 1.46722873,  0.89490534,  0.2328994 , -0.59599044],
       [-1.12885129,  0.1588506 , -0.32771067,  0.3379941 ],
       [-0.70235482,  1.23893192, -0.49063994,  1.02787382],
       [ 0.75678809,  0.16395378, -0.35496443,  0.09828643],
       [-0.44771025, -0.40986459,  0.29676574, -0.96164253],
       [-0.70096518,  0.66029244,  1.55287629, -0.68142929],
       [ 1.14377358, -0.54356664, -1.2876891 ,  0.32141312]]), array([[  9.2770672 ,   9.67965934],
       [-13.88473137,   4.10253015],
       [  8.93219126,   0.27708294],
       [-26.22495112,   6.49555939]]), array([-1.51609895, -1.85142432, -1.55559115, -0.88203877]), array([ 0.91321921, -0.19383132])],[array([[ 1.46722873,  0.89490534,  0.2328994 , -0.59599044],
       [-1.12885129,  0.1588506 , -0.32771067,  0.3379941 ],
       [-0.70235482,  1.23893192, -0.49063994,  1.02787382],
       [ 0.75678809,  0.16395378, -0.35496443,  0.09828643],
       [-0.44771025, -0.40986459,  0.29676574, -0.96164253],
       [-0.70096518,  0.66029244,  1.55287629, -0.68142929],
       [ 1.14377358, -0.54356664, -1.2876891 ,  0.32141312]]), array([[ -7.36179434, -15.39044736],
       [  8.95555276,  11.95108042],
       [-23.61719755,   8.32462765],
       [ 26.92379883,  14.88421745]]), array([-1.51609895, -1.85142432, -1.55559115, -0.88203877]), array([ 0.91321921, -0.19383132])]]