[array([[ -0.665134  , -14.67880144, -14.0195772 ,  -6.53177665],
       [ -4.17564329, -13.21291914,  -0.40453993,   3.84205999],
       [  0.73008577,  17.99700506,   3.04775393, -10.07199391],
       [ 17.68570359,  -0.98563825,   7.76431761,  -5.98545098],
       [ -0.0264711 ,  -6.9122577 , -12.04385546,  11.19891029],
       [-18.53364015,   2.05404247,   0.3676225 ,  -1.81869092],
       [-13.97170167,  -3.01582183,   2.22143226, -14.06107635]]), array([[ 20.61945629, -25.14343841],
       [ -4.01495804,  20.8300045 ],
       [ -4.61720563,   5.79679746],
       [ 11.87703754,   5.4887897 ]]), array([-1.51609895, -1.85142432, -1.55559115, -0.88203877]), array([ 0.91321921, -0.19383132])]
